camera_matrix:
- - 634.9828001825134
  - 0.0
  - 332.55103419012397
- - 0.0
  - 646.5806327919047
  - 241.64547062208425
- - 0.0
  - 0.0
  - 1.0
dist_coefs:
- - -0.36578632015075396
  - 0.07692322164267465
  - 0.0054444803258889935
  - 0.005527511711357441
  - 0.12701839500083706
rms: 0.3873866357827482
