camera_matrix:
- - 850.5196502354797
  - 0.0
  - 666.7295663362762
- - 0.0
  - 858.4103819074793
  - 350.2075307613777
- - 0.0
  - 0.0
  - 1.0
dist_coefs:
- - -0.33564991311261705
  - 0.08012179864088276
  - 0.007664925117151188
  - 0.0019282303799856451
  - 0.0243881882690863
rms: 0.6011054609356942
