camera_matrix:
- - 442.9706263650879
  - 0.0
  - 342.9698321946253
- - 0.0
  - 595.9610480846593
  - 244.84476131210184
- - 0.0
  - 0.0
  - 1.0
dist_coefs:
- - -0.35414127246330057
  - 0.10622092583526384
  - 0.0032874472194161643
  - 2.6260672803234257e-05
  - 0.005749048521632554
rms: 0.4966216197227334
